QVCjLTOQxElsPlTv,$50240.97,50575,31883,37744,87986,73675,90511,85996,83039,88960,20113
OWrshemvujaFBpqwkHa,$70109.66,8908,68473,65950,94804,51512,21663,81569,39544,65011,44889
jRhUnbeMGGBwdLeCXkNCGzSNquc,$62465.59,31760,77948,61947,1984,71574,57835,22194,76409,20794,20680
gRerwgpGtRnTkbkEdMQqRLUFB,$27677.87,23396,3776,93925,19694,8461,33874,31785,37798,53378,54630
lcrBSjMNpNBJKszHqGJelQiv,$32993.89,25859,70484,47049,90482,98348,68970,8233,58022,71714,80695
cQguqNkWWpiOxegAxTIPldkuxxM,$84338.84,69104,36015,82961,43125,97205,41883,82963,40395,38800,59145
kMRHgAxsDhMBeYhCt,$47655.79,98446,53945,35707,37246,13090,28266,97203,59675,15937,1239
gVSkDfLHesKWanAokfWMhYJOgXhADFCK,$43506.96,43664,6747,51718,68012,55066,67456,87800,10434,11151,39042
jJqHSEoRlOvrrFtn,$17924.93,74553,74645,28157,66934,26894,27553,94489,61205,41225,37062
T8@G1^8><x`PV(4}urFp.>5T7,$17924.93,$@!^*!<$.,54128,76901,4250,88640,69127,14508,62536,52070,83982
sbQHsFpqtyNnBNbRczOvYzNmxd,$3649.99,56578,95951,98397,59636,84442,13414,61860,70113,77050,24208
RWjjyIXTHxhtukvJmGpFulhznYVHNfP,$99609.27,48017,21173,91843,4119,42592,61094,71130,52940,24624,96420
dOYKEeEPLfdkblXFbEiz,$74650.49,49651,94947,76180,20781,14639,67456,83853,37081,80063,40914
rNxVDIAhSbRQH,$21295.89,27770,16322,63499,77321,11269,6431,64754,25809,73787,15360
doaucWrfFRLXtDObVKqNYQLtvfdHCi,$24049.90,44102,43626,13421,9071,98984,62182,81607,82482,14804,39106
dPMuellPEgVIoyqdDnre,$47190.95,29077,22129,17220,29046,77107,84750,44642,29819,63770,25592
mVEukCknFxEKIGgWyKBESzNeoj,$86791.67,31910,73788,41388,14875,65368,60798,57447,46215,70190,91399
eYlMfrkEdlIvLwzzFIfwiTXDLukhBEHFdSS,$19239.95,19089,84223,92582,29393,86921,47280,85657,95937,32203,51906
XRcjmLPnPxTSPmb,$40065.78,31912,46440,29748,84221,9130,28603,2879,12645,52821,95626
NXDDKtBEMrqNRfAfjkamLcNK,$21515.91,34573,89022,30003,55527,8976,52693,58122,25970,52746,74097
XYGhjgSuHHfCcImzXnm,$26055.84,78244,90760,7703,57277,99789,57401,60111,42752,4095,49900
